906904898792431616
907181839881777152
906715009052442624
906979248354631680
906698876194902017
907307313232584706
906712903868469249
906894718386053120
906266219304685568
906979116246863873
906639144654442497
906873144971022336
906955606824689664
906869633998782465
907061294720847877
906903803437375489
906972226850836480
906902741292863494
906918788460838913
906866151644377090
906298061529468928
906287944876433408
906702075421237248
906992385669914630
906287953076473858
906942650338693121
906841825687851008
907109507351941120
906979100300070912
906792727962165249
