906287946789257216
906872876963389441
906288351434690561
906287944876433408
906703012843999232
907017795438645248
906903734260600834
907100259775631361
906963608852205570
907031943082110976
907235273330831366
906838211120558080
906698932398555136
907151469576519680
906772609982906368
906288794336321536
906902884352217089
906838664923168768
906293598962016257
906290723884077058
906687833905221632
906639249893679106
906844417126014976
906869633998782465
906894718386053120
906979116246863873
906972847435902978
906979248354631680
