592099027770056706
591857698913681408
591922074802728963
591859232669990912
592074867215888384
591858952444350464
592001705132326913
591941496061964288
591938367056576513
591861392505896960
591859438711017472
591881976430403584
591959334768115712
591937812548755457
591967987214774272
591892944874930176
591930367575203840
591994287103021057
591987694730743809
591962069664161792
591995431791382528
591909528159055873
591963583388393473
591867323981541376
591857748146520064
591970757669826560
591928906606718977
591883914077077504
591976553107607552
591980672148963329
