591867744221589504
591894128897687552
591908898400903169
591904766009208832
592002160960925696
591952709160402945
591985260172333057
591894125928124417
591951154218704898
591867536209256448
591974256113754113
591951960842084352
591976506152345600
592001705132326913
591864123786268672
591903664907878400
591875241602916352
591984069895925760
591879115684229120
591938995346604033
591903961533263873
591859146384769024
591908276633210880
591875713726164992
591869930137518080
591945742836695040
591917977328549888
591915757887426560
591873607854206976
591936624121942017