591891699795759104
591857890673205248
591901399014723584
592023729124806656
591923967184744448
591858887017435136
591888473163857920
591877801872990208
591970876008050688
592047842300047360
591858257666289664
591859438711017472
592011809638461442
591929429728821248
591899495937388544
591868206974935041
591858581399474176
592036771107450880
591925185973977088
592049119763369984
591892115531005952
591997880732385280
591907418369630208
591954363968573440
591901136229109760
591935586639962112
592052380230901760
591939730914152449
591952339142979586
591968057402130435
