455621944084140032
453503661268664320
441124290448982017
455628453346172929
466130612370153473
443031706543460353
497300056123260928
441605613986918400
442950495486107648
453668770519982080
440460829805117441
466530901976170496
466538762382491648
484252857273561089
456022784947142656
453834732108017664
453852855976611840
468664801796059137
440456677255835648
440490108160966656
441109253370028032
440456744464945152
453081416881147904
453507374113112065
495530501197688832
466186153855434752
453451158351134720
486058710632902656
466480381794217985
449480372024537089
