453075083209097216
454554400028393472
441899098824654849
483522934573506560
455616210344747008
440516920434245632
468662532769456129
497291198042619904
466188562308689920
440523968663928832
456697412023635970
468679259888701441
453085946301280256
453514551443857408
486056152774348802
441131960396558336
456325297109860352
456347354782654464
440487386943066112
455623315248279552
443029393368416256
441607333248917504
497315018967621633
483523734997712897
466527904398991361
466124493480423425
466132056070967296
466127181534355456
495526039875903489
